         97                75          78 52    50 77 91   
49 49 99       81    57 60 87       98    69 48       56 62   
81 49    73 55 79       93 71    67 53 88       49       65
52 70 95       60       69    68 56       56 71          91
         71 51 67 63 89    92    54             66       80
   47    60 99    45    44 75    53 78    84             50
   98 81    64    67             67 59 54 70 66       64 70
67       68    62       95 63 94    63       91 66 49 94   
   55 58    66 73 99    97    78 78 96 83    88    89 63 72
            75    76 44    45          61    97          95
78    53       75    67    94    80    62          53 56 92
            96       47 55 58 88          54          85 57
86 56    48    71 89       44 44 37 44 60    58 51 54    58
   80 81 68    94 47 69    73 92    86 52    77    89 55   
   52    83 97 35 99       97 57             79       98 66 
88    68 87 57 62    72    46    67 46 55       63 93 53 69
   42    73                94 72       46          62 76 36
   69       72       88    62 99 69 82 67 59 85 74         
   73       78    90    74    49 71 48 86 81       57    54
   70 54 71 83 51 54 69    92    48 61 43 52    89    67 48
   
I found a row with a high product: (94,99,71,61). I then eliminated cells less than 43, as 
99*99*99*42 < 94*99*71*61. I then visually scanned for high value rows and checked (94,97,89,87). 
Guiding principle here : human brain is much better than computer at this kind of skimming and guessing.